-8 -8 0 0
-8.00959 -7.90762 0 0
-8.01918 -7.81523 0 0
-8.02878 -7.72285 0 0
-8.03837 -7.63046 0 0
-8.04796 -7.53808 0 0
-8.05755 -7.4457 0 0
-8.06714 -7.35331 0 0
-8.07673 -7.26093 0 0
-8.08633 -7.16855 0 0
-8.09592 -7.07616 0 0
-8.10551 -6.98378 0 0
-8.1151 -6.89139 0 0
-8.12469 -6.79901 0 0
-8.13429 -6.70663 0 0
-8.14388 -6.61424 0 0
-8.15347 -6.52186 0 0
-8.16306 -6.42947 0 0
-8.17265 -6.33709 0 0
-8.36311 -6.1764 0 0
-8.55356 -6.01571 0 0
-8.74402 -5.85501 0 0
-8.93447 -5.69432 0 0
-9.12493 -5.53363 0 0
-9.31538 -5.37294 0 0
-9.50584 -5.21225 0 0
-9.6963 -5.05155 0 0
-9.88675 -4.89086 0 0
-9.89755 -4.79752 0 0
-9.90834 -4.70418 0 0
-9.91914 -4.61083 0 0
-9.92993 -4.51749 0 0
-9.94072 -4.42415 0 0
-9.95152 -4.33081 0 0
-9.96231 -4.23747 0 0
-9.97311 -4.14413 0 0
-9.9839 -4.05078 0 0
-9.9947 -3.95744 0 0
-9.9229 -3.89005 0 0
-9.85111 -3.82267 0 0
-9.77931 -3.75528 0 0
-9.70751 -3.68789 0 0
-9.63572 -3.62051 0 0
-9.56392 -3.55312 0 0
-9.49212 -3.48573 0 0
-9.42033 -3.41834 0 0
-9.38306 -3.23169 0 0
-9.3458 -3.04504 0 0
-9.30854 -2.85839 0 0
-9.24253 -2.82095 0 0
-9.17652 -2.78351 0 0
-9.11051 -2.74607 0 0
-9.06051 -2.59243 0 0
-9.0105 -2.43878 0 0
-8.9605 -2.28513 0 0
-8.9105 -2.13148 0 0
-8.8605 -1.97783 0 0
-8.8105 -1.82419 0 0
-8.7605 -1.67054 0 0
-8.7105 -1.51689 0 0
-8.6605 -1.36324 0 0
-8.6105 -1.20959 0 0
-8.5605 -1.05595 0 0
-8.5105 -0.902299 0 0
-8.4605 -0.748651 0 0
-8.4105 -0.595003 0 0
-8.3605 -0.441355 0 0
-8.3105 -0.287707 0 0
-8.2605 -0.134059 0 0
-8.2105 0.0195893 0 0
-8.16049 0.173237 0 0
-8.11049 0.326885 0 0
-8.06049 0.480533 0 0
-8.01049 0.634181 0 0
-7.96049 0.787829 0 0
-7.91049 0.941477 0 0
-7.86049 1.09513 0 0
-7.81049 1.24877 0 0
-7.76049 1.40242 0 0
-7.71049 1.55607 0 0
-7.66049 1.70972 0 0
-7.61049 1.86337 0 0
-7.56049 2.01701 0 0
-7.51049 2.17066 0 0
-7.46049 2.32431 0 0
-7.41049 2.47796 0 0
-7.36048 2.63161 0 0
-7.31048 2.78525 0 0
-7.26048 2.9389 0 0
-7.21048 3.09255 0 0
-7.16048 3.2462 0 0
-7.11048 3.39984 0 0
-7.06048 3.55349 0 0
-7.01048 3.70714 0 0
-6.96048 3.86079 0 0
-6.91048 4.01444 0 0
-6.86048 4.16808 0 0
-6.69896 4.1131 0 0
-6.53745 4.05812 0 0
-6.37593 4.00314 0 0
-6.21442 3.94816 0 0
-6.0529 3.89318 0 0
-5.89139 3.83819 0 0
-5.72987 3.78321 0 0
-5.56835 3.72823 0 0
-5.40684 3.67325 0 0
-5.24532 3.61827 0 0
-5.08381 3.56328 0 0
-4.92229 3.5083 0 0
-4.76078 3.45332 0 0
-4.59926 3.39834 0 0
-4.43775 3.34336 0 0
-4.27623 3.28838 0 0
-4.11471 3.23339 0 0
-3.9532 3.17841 0 0
-3.79168 3.12343 0 0
-3.63017 3.06845 0 0
-3.46673 3.0874 0 0
-3.3033 3.10635 0 0
-3.13986 3.1253 0 0
-2.97643 3.14425 0 0
-2.81299 3.1632 0 0
-2.64955 3.18215 0 0
-2.48612 3.2011 0 0
-2.32268 3.22005 0 0
-2.15925 3.239 0 0
-1.99581 3.25795 0 0
-1.83238 3.2769 0 0
-1.66894 3.29585 0 0
-1.5055 3.3148 0 0
-1.34207 3.33375 0 0
-1.17863 3.3527 0 0
-1.0152 3.37165 0 0
-0.961909 3.20616 0 0
-0.908621 3.04067 0 0
-0.855333 2.87518 0 0
-0.802045 2.70969 0 0
-0.748757 2.54421 0 0
-0.695469 2.37872 0 0
-0.642181 2.21323 0 0
-0.588893 2.04774 0 0
-0.535605 1.88225 0 0
-0.482317 1.71676 0 0
-0.429029 1.55127 0 0
-0.375741 1.38578 0 0
-0.322453 1.2203 0 0
-0.269165 1.05481 0 0
-0.215877 0.889318 0 0
-0.162589 0.72383 0 0
-0.109301 0.558341 0 0
-0.0560127 0.392852 0 0
-0.00272465 0.227364 0 0
0.0505634 0.0618751 0 0
0.103851 -0.103614 0 0
0.0369569 -0.0240287 0 0
-0.0299377 0.0555561 0 0
-0.0968322 0.135141 0 0
-0.163727 0.214726 0 0
-0.230621 0.29431 0 0
-0.297516 0.373895 0 0
-0.36441 0.45348 0 0
-0.431305 0.533065 0 0
-0.498199 0.61265 0 0
-0.565094 0.692235 0 0
-0.631988 0.771819 0 0
-0.698883 0.851404 0 0
-0.765777 0.930989 0 0
-0.611783 0.763743 0 0
-0.457788 0.596498 0 0
-0.303793 0.429252 0 0
-0.149798 0.262006 0 0
0.0041967 0.0947605 0 0
