-7.81446 -8.10168 43.6
-7.62891 -8.20337 43.7
-7.44337 -8.30505 43.8
-7.32967 -8.16096 43.9
-7.21597 -8.01686 44
-7.10227 -7.87277 44.1
-6.98857 -7.72867 44.2
-6.87487 -7.58458 44.3
-6.89631 -7.44375 44.4
-6.91775 -7.30293 44.5
-6.84425 -7.18078 44.6
-6.77074 -7.05863 44.7
-6.69723 -6.93647 44.8
-6.62372 -6.81432 44.9
-6.55022 -6.69217 45
-6.45622 -6.80015 45.1
-6.36222 -6.90813 45.2
-6.26822 -7.01611 45.3
-6.17422 -7.12408 45.4
-6.02146 -7.05868 45.5
-5.8687 -6.99328 45.6
-6.01995 -6.80098 45.7
-6.1712 -6.60867 45.8
-6.32245 -6.41637 45.9
-6.4737 -6.22407 46
-6.62495 -6.03177 46.1
-6.50825 -5.95237 46.2
-6.39155 -5.87298 46.3
-6.27485 -5.79358 46.4
-6.15815 -5.71419 46.5
-6.04145 -5.63479 46.6
-5.92475 -5.5554 46.7
-5.80805 -5.476 46.8
-5.73909 -5.42262 46.9
-5.67014 -5.36923 47
-5.60118 -5.31584 47.1
-5.53222 -5.26245 47.2
-5.46327 -5.20906 47.3
-5.39431 -5.15567 47.4
-5.32535 -5.10228 47.5
-5.2564 -5.04889 47.6
-5.29753 -4.93193 47.7
-5.33866 -4.81496 47.8
-5.37979 -4.698 47.9
-5.42092 -4.58104 48
-5.46206 -4.46407 48.1
-5.50319 -4.34711 48.2
-5.3364 -4.34148 48.3
-5.16961 -4.33584 48.4
-5.00282 -4.33021 48.5
-4.83603 -4.32457 48.6
-4.66924 -4.31894 48.7
-4.62224 -4.28975 48.8
-4.57525 -4.26056 48.9
-4.52825 -4.23137 49
-4.57918 -4.13789 49.1
-4.63012 -4.0444 49.2
-4.6711 -3.95702 49.3
-4.71208 -3.86964 49.4
-4.75307 -3.78226 49.5
-4.79405 -3.69488 49.6
-4.83503 -3.6075 49.7
-4.87602 -3.52012 49.8
-4.83883 -3.46476 49.9
-4.80165 -3.4094 50
-4.76447 -3.35404 50.1
-4.72729 -3.29868 50.2
-4.69011 -3.24332 50.3
-4.65293 -3.18796 50.4
-4.46524 -3.26737 50.5
-4.27754 -3.34677 50.6
-4.08984 -3.42617 50.7
-3.90215 -3.50557 50.8
-3.71445 -3.58497 50.9
-3.52676 -3.66437 51
-3.33906 -3.74377 51.1
-3.25323 -3.80841 51.2
-3.1674 -3.87304 51.3
-2.98422 -3.72638 51.4
-2.80104 -3.57972 51.5
-2.7743 -3.44845 51.6
-2.74755 -3.31719 51.7
-2.7208 -3.18592 51.8
-2.69406 -3.05466 51.9
-2.66731 -2.92339 52
-2.64056 -2.79213 52.1
-2.66068 -2.6985 52.2
-2.6808 -2.60488 52.3
-2.70091 -2.51126 52.4
-2.72103 -2.41764 52.5
-2.74115 -2.32401 52.6
-2.76126 -2.23039 52.7
-2.78138 -2.13677 52.8
-2.8015 -2.04314 52.9
-2.66937 -1.98502 53
-2.53725 -1.92689 53.1
-2.40513 -1.86877 53.2
-2.27301 -1.81065 53.3
-2.14089 -1.75252 53.4
-2.00877 -1.6944 53.5
-2.01548 -1.54941 53.6
-2.02219 -1.40442 53.7
-2.0289 -1.25943 53.8
-2.03561 -1.11444 53.9
-2.04232 -0.969452 54
-2.04903 -0.824463 54.1
-1.89922 -0.861804 54.2
-1.74942 -0.899144 54.3
-1.59962 -0.936484 54.4
-1.44981 -0.973824 54.5
-1.30001 -1.01116 54.6
-1.15021 -1.0485 54.7
-1.0004 -1.08584 54.8
-0.850602 -1.12319 54.9
-0.765436 -0.998118 55
-0.68027 -0.873052 55.1
-0.595104 -0.747985 55.2
-0.509938 -0.622918 55.3
-0.424772 -0.497852 55.4
-0.339607 -0.372785 55.5
-0.213732 -0.322701 55.6
-0.0878583 -0.272617 55.7
-0.155905 -0.10196 55.8
-0.223952 0.0686968 55.9
